0.09,0
0.1,1.0966e-44
0.11,4.4248e-44
0.12,1.7676e-43
0.13,6.9911e-43
0.14,2.7375e-42
0.15,1.0613e-41
0.16,4.0733e-41
0.17,1.5479e-40
0.18,5.8234e-40
0.19,2.1691e-39
0.2,7.9988e-39
0.21,2.9204e-38
0.22,1.0556e-37
0.23,3.7777e-37
0.24,1.3385e-36
0.25,4.6952e-36
0.26,1.6306e-35
0.27,5.6067e-35
0.28,1.9086e-34
0.29,6.4325e-34
0.3,2.1464e-33
0.31,7.0907e-33
0.32,2.3191e-32
0.33,7.5097e-32
0.34,2.4076e-31
0.35,7.6417e-31
0.36,2.4013e-30
0.37,7.471e-30
0.38,2.3012e-29
0.39,7.0178e-29
0.4,2.1188e-28
0.41,6.3335e-28
0.42,1.8744e-27
0.43,5.4919e-27
0.44,1.5931e-26
0.45,4.5754e-26
0.46,1.301e-25
0.47,3.6623e-25
0.48,1.0207e-24
0.49,2.8166e-24
0.5,7.6946e-24
0.51,2.0812e-23
0.52,5.573e-23
0.53,1.4775e-22
0.54,3.8781e-22
0.55,1.0078e-21
0.56,2.5929e-21
0.57,6.6046e-21
0.58,1.6656e-20
0.59,4.1586e-20
0.6,1.028e-19
0.61,2.5158e-19
0.62,6.0958e-19
0.63,1.4623e-18
0.64,3.473e-18
0.65,8.1662e-18
0.66,1.9011e-17
0.67,4.3816e-17
0.68,9.9984e-17
0.69,2.2588e-16
0.7,5.0523e-16
0.71,1.1188e-15
0.72,2.4529e-15
0.73,5.3241e-15
0.74,1.1442e-14
0.75,2.4343e-14
0.76,5.1278e-14
0.77,1.0694e-13
0.78,2.208e-13
0.79,4.5135e-13
0.8,9.1347e-13
0.81,1.8303e-12
0.82,3.631e-12
0.83,7.1313e-12
0.84,1.3867e-11
0.85,2.6696e-11
0.86,5.0881e-11
0.87,9.6014e-11
0.88,1.7938e-10
0.89,3.3179e-10
0.9,6.0759e-10
0.91,1.1016e-09
0.92,1.9773e-09
0.93,3.514e-09
0.94,6.1826e-09
0.95,1.077e-08
0.96,1.8574e-08
0.97,3.1713e-08
0.98,5.361e-08
0.99,8.9724e-08
1,1.4867e-07
1.01,2.439e-07
1.02,3.9613e-07
1.03,6.3698e-07
1.04,1.0141e-06
1.05,1.5984e-06
1.06,2.4942e-06
1.07,3.8535e-06
1.08,5.8943e-06
1.09,8.9262e-06
1.1,1.3383e-05
1.11,1.9866e-05
1.12,2.9195e-05
1.13,4.2478e-05
1.14,6.119e-05
1.15,8.7268e-05
1.16,0.00012322
1.17,0.00017226
1.18,0.00023841
1.19,0.00032668
1.2,0.00044318
1.21,0.00059525
1.22,0.00079155
1.23,0.0010421
1.24,0.0013583
1.25,0.0017528
1.26,0.0022395
1.27,0.0028327
1.28,0.0035475
1.29,0.0043984
1.3,0.0053991
1.31,0.0065616
1.32,0.007895
1.33,0.0094049
1.34,0.011092
1.35,0.012952
1.36,0.014973
1.37,0.017137
1.38,0.019419
1.39,0.021785
1.4,0.024197
1.41,0.026609
1.42,0.028969
1.43,0.031225
1.44,0.033322
1.45,0.035207
1.46,0.036827
1.47,0.038139
1.48,0.039104
1.49,0.039695
1.5,0.039894
1.51,0.039695
1.52,0.039104
1.53,0.038139
1.54,0.036827
1.55,0.035207
1.56,0.033322
1.57,0.031225
1.58,0.028969
1.59,0.026609
1.6,0.024197
1.61,0.021785
1.62,0.019419
1.63,0.017137
1.64,0.014973
1.65,0.012952
1.66,0.011092
1.67,0.0094049
1.68,0.007895
1.69,0.0065616
1.7,0.0053991
1.71,0.0043984
1.72,0.0035475
1.73,0.0028327
1.74,0.0022395
1.75,0.0017528
1.76,0.0013583
1.77,0.0010421
1.78,0.00079155
1.79,0.00059525
1.8,0.00044318
1.81,0.00032668
1.82,0.00023841
1.83,0.00017226
1.84,0.00012322
1.85,8.7268e-05
1.86,6.119e-05
1.87,4.2478e-05
1.88,2.9195e-05
1.89,1.9866e-05
1.9,1.3383e-05
1.91,8.9262e-06
1.92,5.8943e-06
1.93,3.8535e-06
1.94,2.4942e-06
1.95,1.5984e-06
1.96,1.0141e-06
1.97,6.3698e-07
1.98,3.9613e-07
1.99,2.439e-07
2,1.4867e-07
2.01,8.9724e-08
2.02,5.361e-08
2.03,3.1713e-08
2.04,1.8574e-08
2.05,1.077e-08
2.06,6.1826e-09
2.07,3.514e-09
2.08,1.9773e-09
2.09,1.1016e-09
2.1,6.0759e-10
2.11,3.3179e-10
2.12,1.7938e-10
2.13,9.6014e-11
2.14,5.0881e-11
2.15,2.6696e-11
2.16,1.3867e-11
2.17,7.1313e-12
2.18,3.631e-12
2.19,1.8303e-12
2.2,9.1347e-13
2.21,4.5135e-13
2.22,2.208e-13
2.23,1.0694e-13
2.24,5.1278e-14
2.25,2.4343e-14
2.26,1.1442e-14
2.27,5.3241e-15
2.28,2.4529e-15
2.29,1.1188e-15
2.3,5.0523e-16
2.31,2.2588e-16
2.32,9.9984e-17
2.33,4.3816e-17
2.34,1.9011e-17
2.35,8.1662e-18
2.36,3.473e-18
2.37,1.4623e-18
2.38,6.0958e-19
2.39,2.5158e-19
2.4,1.028e-19
2.41,4.1586e-20
2.42,1.6656e-20
2.43,6.6046e-21
2.44,2.5929e-21
2.45,1.0078e-21
2.46,3.8781e-22
2.47,1.4775e-22
2.48,5.573e-23
2.49,2.0812e-23
2.5,7.6946e-24
2.51,2.8166e-24
2.52,1.0207e-24
2.53,3.6623e-25
2.54,1.301e-25
2.55,4.5754e-26
2.56,1.5931e-26
2.57,5.4919e-27
2.58,1.8744e-27
2.59,6.3335e-28
2.6,2.1188e-28
2.61,7.0178e-29
2.62,2.3012e-29
2.63,7.471e-30
2.64,2.4013e-30
2.65,7.6417e-31
2.66,2.4076e-31
2.67,7.5097e-32
2.68,2.3191e-32
2.69,7.0907e-33
2.7,2.1464e-33
2.71,6.4325e-34
2.72,1.9086e-34
2.73,5.6067e-35
2.74,1.6306e-35
2.75,4.6952e-36
2.76,1.3385e-36
2.77,3.7777e-37
2.78,1.0556e-37
2.79,2.9204e-38
2.8,7.9988e-39
2.81,2.1691e-39
2.82,5.8234e-40
2.83,1.5479e-40
2.84,4.0733e-41
2.85,1.0613e-41
2.86,2.7375e-42
2.87,6.9911e-43
2.88,1.7676e-43
2.89,4.4248e-44
2.9,1.0966e-44
2.91,0
